Grading at Fri Jun 19 12:20:12 UTC 2020
Attempting to compile retirement.c
Checking for struct _retire_info
Found on line 3, column 1 
Checking for field int months
Found on line 5, column 3 
Checking for field double contribution
Found on line 6, column 3 
Checking for field double rate_of_return
Found on line 7, column 3 
Checking for typedef of struct _retire_info to retire_info
Found on line 9, column 1 
Checking for void retirement (int startAge, double initial,  retire_info working,  retire_info retired)
Found on line 31, column 1 
Checking for int main(void)
Found on line 35, column 1 
Trying to run retirement calculator..
Your file matched the expected output
Removing your main() and replacing it with our own to run more tests...
                |         Working              |        Retired         
 Age | Initial  | Saving  |   Rate    | Months | Spending |   Rate    | Months | Result
 240 |     0.00 | 1234.00 | 0.0026700 |   597  | -3567.00 | 0.0002400 |   224  | Correct
 240 |     0.00 | 1234.00 | 0.0026700 |   597  | -3567.00 | 0.0002400 |   405  | Correct
 240 |     0.00 | 1234.00 | 0.0026700 |   597  | -3567.00 | 0.0043600 |   227  | Correct
 240 |     0.00 | 1234.00 | 0.0026700 |   597  | -3567.00 | 0.0043600 |   405  | Correct
 240 |     0.00 | 1234.00 | 0.0026700 |   597  | -6534.00 | 0.0003100 |   217  | Correct
 240 |     0.00 | 1234.00 | 0.0026700 |   597  | -6534.00 | 0.0003100 |   375  | Correct
 240 |     0.00 | 1234.00 | 0.0026700 |   597  | -6534.00 | 0.0045900 |   226  | Correct
 240 |     0.00 | 1234.00 | 0.0026700 |   597  | -6534.00 | 0.0045900 |   374  | Correct
 240 |     0.00 | 1234.00 | 0.0026700 |   604  | -3567.00 | 0.0003200 |   221  | Correct
 240 |     0.00 | 1234.00 | 0.0026700 |   604  | -3567.00 | 0.0003200 |   392  | Correct
 240 |     0.00 | 1234.00 | 0.0026700 |   604  | -3567.00 | 0.0048000 |   209  | Correct
 240 |     0.00 | 1234.00 | 0.0026700 |   604  | -3567.00 | 0.0048000 |   388  | Correct
 240 |     0.00 | 1234.00 | 0.0026700 |   604  | -6534.00 | 0.0004300 |   215  | Correct
 240 |     0.00 | 1234.00 | 0.0026700 |   604  | -6534.00 | 0.0004300 |   391  | Correct
 240 |     0.00 | 1234.00 | 0.0026700 |   604  | -6534.00 | 0.0049000 |   207  | Correct
 240 |     0.00 | 1234.00 | 0.0026700 |   604  | -6534.00 | 0.0049000 |   375  | Correct
 240 |     0.00 | 1234.00 | 0.0056700 |   597  | -3567.00 | 0.0002900 |   232  | Correct
 240 |     0.00 | 1234.00 | 0.0056700 |   597  | -3567.00 | 0.0002900 |   406  | Correct
 240 |     0.00 | 1234.00 | 0.0056700 |   597  | -3567.00 | 0.0042800 |   223  | Correct
 240 |     0.00 | 1234.00 | 0.0056700 |   597  | -3567.00 | 0.0042800 |   387  | Correct
 240 |     0.00 | 1234.00 | 0.0056700 |   597  | -6534.00 | 0.0009700 |   226  | Correct
 240 |     0.00 | 1234.00 | 0.0056700 |   597  | -6534.00 | 0.0009700 |   399  | Correct
 240 |     0.00 | 1234.00 | 0.0056700 |   597  | -6534.00 | 0.0041900 |   222  | Correct
 240 |     0.00 | 1234.00 | 0.0056700 |   597  | -6534.00 | 0.0041900 |   389  | Correct
 240 |     0.00 | 1234.00 | 0.0056700 |   599  | -3567.00 | 0.0003900 |   213  | Correct
 240 |     0.00 | 1234.00 | 0.0056700 |   599  | -3567.00 | 0.0003900 |   403  | Correct
 240 |     0.00 | 1234.00 | 0.0056700 |   599  | -3567.00 | 0.0040100 |   229  | Correct
 240 |     0.00 | 1234.00 | 0.0056700 |   599  | -3567.00 | 0.0040100 |   388  | Correct
 240 |     0.00 | 1234.00 | 0.0056700 |   599  | -6534.00 | 0.0005900 |   218  | Correct
 240 |     0.00 | 1234.00 | 0.0056700 |   599  | -6534.00 | 0.0005900 |   375  | Correct
 240 |     0.00 | 1234.00 | 0.0056700 |   599  | -6534.00 | 0.0048000 |   227  | Correct
 240 |     0.00 | 1234.00 | 0.0056700 |   599  | -6534.00 | 0.0048000 |   374  | Correct
 240 |     0.00 | 3480.00 | 0.0026700 |   597  | -3567.00 | 0.0004800 |   209  | Correct
 240 |     0.00 | 3480.00 | 0.0026700 |   597  | -3567.00 | 0.0004800 |   395  | Correct
 240 |     0.00 | 3480.00 | 0.0026700 |   597  | -3567.00 | 0.0042100 |   223  | Correct
 240 |     0.00 | 3480.00 | 0.0026700 |   597  | -3567.00 | 0.0042100 |   389  | Correct
 240 |     0.00 | 3480.00 | 0.0026700 |   597  | -6534.00 | 0.0007800 |   224  | Correct
 240 |     0.00 | 3480.00 | 0.0026700 |   597  | -6534.00 | 0.0007800 |   397  | Correct
 240 |     0.00 | 3480.00 | 0.0026700 |   597  | -6534.00 | 0.0046500 |   215  | Correct
 240 |     0.00 | 3480.00 | 0.0026700 |   597  | -6534.00 | 0.0046500 |   400  | Correct
 240 |     0.00 | 3480.00 | 0.0026700 |   585  | -3567.00 | 0.0005500 |   204  | Correct
 240 |     0.00 | 3480.00 | 0.0026700 |   585  | -3567.00 | 0.0005500 |   400  | Correct
 240 |     0.00 | 3480.00 | 0.0026700 |   585  | -3567.00 | 0.0048600 |   211  | Correct
 240 |     0.00 | 3480.00 | 0.0026700 |   585  | -3567.00 | 0.0048600 |   398  | Correct
 240 |     0.00 | 3480.00 | 0.0026700 |   585  | -6534.00 | 0.0007000 |   229  | Correct
 240 |     0.00 | 3480.00 | 0.0026700 |   585  | -6534.00 | 0.0007000 |   393  | Correct
 240 |     0.00 | 3480.00 | 0.0026700 |   585  | -6534.00 | 0.0040200 |   214  | Correct
 240 |     0.00 | 3480.00 | 0.0026700 |   585  | -6534.00 | 0.0040200 |   402  | Correct
 240 |     0.00 | 3480.00 | 0.0056700 |   597  | -3567.00 | 0.0009700 |   221  | Correct
 240 |     0.00 | 3480.00 | 0.0056700 |   597  | -3567.00 | 0.0009700 |   408  | Correct
 240 |     0.00 | 3480.00 | 0.0056700 |   597  | -3567.00 | 0.0041300 |   217  | Correct
 240 |     0.00 | 3480.00 | 0.0056700 |   597  | -3567.00 | 0.0041300 |   389  | Correct
 240 |     0.00 | 3480.00 | 0.0056700 |   597  | -6534.00 | 0.0002000 |   213  | Correct
 240 |     0.00 | 3480.00 | 0.0056700 |   597  | -6534.00 | 0.0002000 |   373  | Correct
 240 |     0.00 | 3480.00 | 0.0056700 |   597  | -6534.00 | 0.0042900 |   217  | Correct
 240 |     0.00 | 3480.00 | 0.0056700 |   597  | -6534.00 | 0.0042900 |   391  | Correct
 240 |     0.00 | 3480.00 | 0.0056700 |   592  | -3567.00 | 0.0005000 |   211  | Correct
 240 |     0.00 | 3480.00 | 0.0056700 |   592  | -3567.00 | 0.0005000 |   396  | Correct
 240 |     0.00 | 3480.00 | 0.0056700 |   592  | -3567.00 | 0.0045200 |   210  | Correct
 240 |     0.00 | 3480.00 | 0.0056700 |   592  | -3567.00 | 0.0045200 |   387  | Correct
 240 |     0.00 | 3480.00 | 0.0056700 |   592  | -6534.00 | 0.0002600 |   215  | Correct
 240 |     0.00 | 3480.00 | 0.0056700 |   592  | -6534.00 | 0.0002600 |   407  | Correct
 240 |     0.00 | 3480.00 | 0.0056700 |   592  | -6534.00 | 0.0049900 |   227  | Correct
 240 |     0.00 | 3480.00 | 0.0056700 |   592  | -6534.00 | 0.0049900 |   401  | Correct
 240 | 15442.29 | 1234.00 | 0.0026700 |   597  | -3567.00 | 0.0003700 |   207  | Correct
 240 | 15442.29 | 1234.00 | 0.0026700 |   597  | -3567.00 | 0.0003700 |   403  | Correct
 240 | 15442.29 | 1234.00 | 0.0026700 |   597  | -3567.00 | 0.0048400 |   232  | Correct
 240 | 15442.29 | 1234.00 | 0.0026700 |   597  | -3567.00 | 0.0048400 |   392  | Correct
 240 | 15442.29 | 1234.00 | 0.0026700 |   597  | -6534.00 | 0.0008100 |   228  | Correct
 240 | 15442.29 | 1234.00 | 0.0026700 |   597  | -6534.00 | 0.0008100 |   376  | Correct
 240 | 15442.29 | 1234.00 | 0.0026700 |   597  | -6534.00 | 0.0047000 |   227  | Correct
 240 | 15442.29 | 1234.00 | 0.0026700 |   597  | -6534.00 | 0.0047000 |   390  | Correct
 240 | 15442.29 | 1234.00 | 0.0026700 |   588  | -3567.00 | 0.0009900 |   225  | Correct
 240 | 15442.29 | 1234.00 | 0.0026700 |   588  | -3567.00 | 0.0009900 |   397  | Correct
 240 | 15442.29 | 1234.00 | 0.0026700 |   588  | -3567.00 | 0.0049800 |   223  | Correct
 240 | 15442.29 | 1234.00 | 0.0026700 |   588  | -3567.00 | 0.0049800 |   393  | Correct
 240 | 15442.29 | 1234.00 | 0.0026700 |   588  | -6534.00 | 0.0003700 |   213  | Correct
 240 | 15442.29 | 1234.00 | 0.0026700 |   588  | -6534.00 | 0.0003700 |   385  | Correct
 240 | 15442.29 | 1234.00 | 0.0026700 |   588  | -6534.00 | 0.0048000 |   214  | Correct
 240 | 15442.29 | 1234.00 | 0.0026700 |   588  | -6534.00 | 0.0048000 |   386  | Correct
 240 | 15442.29 | 1234.00 | 0.0056700 |   597  | -3567.00 | 0.0006300 |   214  | Correct
 240 | 15442.29 | 1234.00 | 0.0056700 |   597  | -3567.00 | 0.0006300 |   380  | Correct
 240 | 15442.29 | 1234.00 | 0.0056700 |   597  | -3567.00 | 0.0044000 |   209  | Correct
 240 | 15442.29 | 1234.00 | 0.0056700 |   597  | -3567.00 | 0.0044000 |   405  | Correct
 240 | 15442.29 | 1234.00 | 0.0056700 |   597  | -6534.00 | 0.0004400 |   210  | Correct
 240 | 15442.29 | 1234.00 | 0.0056700 |   597  | -6534.00 | 0.0004400 |   379  | Correct
 240 | 15442.29 | 1234.00 | 0.0056700 |   597  | -6534.00 | 0.0040600 |   214  | Correct
 240 | 15442.29 | 1234.00 | 0.0056700 |   597  | -6534.00 | 0.0040600 |   382  | Correct
 240 | 15442.29 | 1234.00 | 0.0056700 |   610  | -3567.00 | 0.0005400 |   228  | Correct
 240 | 15442.29 | 1234.00 | 0.0056700 |   610  | -3567.00 | 0.0005400 |   395  | Correct
 240 | 15442.29 | 1234.00 | 0.0056700 |   610  | -3567.00 | 0.0042800 |   230  | Correct
 240 | 15442.29 | 1234.00 | 0.0056700 |   610  | -3567.00 | 0.0042800 |   401  | Correct
 240 | 15442.29 | 1234.00 | 0.0056700 |   610  | -6534.00 | 0.0008400 |   226  | Correct
 240 | 15442.29 | 1234.00 | 0.0056700 |   610  | -6534.00 | 0.0008400 |   386  | Correct
 240 | 15442.29 | 1234.00 | 0.0056700 |   610  | -6534.00 | 0.0049200 |   233  | Correct
 240 | 15442.29 | 1234.00 | 0.0056700 |   610  | -6534.00 | 0.0049200 |   375  | Correct
 240 | 15442.29 | 2358.00 | 0.0026700 |   597  | -3567.00 | 0.0009800 |   216  | Correct
 240 | 15442.29 | 2358.00 | 0.0026700 |   597  | -3567.00 | 0.0009800 |   382  | Correct
 240 | 15442.29 | 2358.00 | 0.0026700 |   597  | -3567.00 | 0.0044500 |   224  | Correct
 240 | 15442.29 | 2358.00 | 0.0026700 |   597  | -3567.00 | 0.0044500 |   375  | Correct
 240 | 15442.29 | 2358.00 | 0.0026700 |   597  | -6534.00 | 0.0006200 |   214  | Correct
 240 | 15442.29 | 2358.00 | 0.0026700 |   597  | -6534.00 | 0.0006200 |   398  | Correct
 240 | 15442.29 | 2358.00 | 0.0026700 |   597  | -6534.00 | 0.0041800 |   231  | Correct
 240 | 15442.29 | 2358.00 | 0.0026700 |   597  | -6534.00 | 0.0041800 |   389  | Correct
 240 | 15442.29 | 2358.00 | 0.0026700 |   608  | -3567.00 | 0.0009500 |   229  | Correct
 240 | 15442.29 | 2358.00 | 0.0026700 |   608  | -3567.00 | 0.0009500 |   374  | Correct
 240 | 15442.29 | 2358.00 | 0.0026700 |   608  | -3567.00 | 0.0045200 |   233  | Correct
 240 | 15442.29 | 2358.00 | 0.0026700 |   608  | -3567.00 | 0.0045200 |   392  | Correct
 240 | 15442.29 | 2358.00 | 0.0026700 |   608  | -6534.00 | 0.0003300 |   224  | Correct
 240 | 15442.29 | 2358.00 | 0.0026700 |   608  | -6534.00 | 0.0003300 |   399  | Correct
 240 | 15442.29 | 2358.00 | 0.0026700 |   608  | -6534.00 | 0.0041500 |   210  | Correct
 240 | 15442.29 | 2358.00 | 0.0026700 |   608  | -6534.00 | 0.0041500 |   408  | Correct
 240 | 15442.29 | 2358.00 | 0.0056700 |   597  | -3567.00 | 0.0002400 |   229  | Correct
 240 | 15442.29 | 2358.00 | 0.0056700 |   597  | -3567.00 | 0.0002400 |   397  | Correct
 240 | 15442.29 | 2358.00 | 0.0056700 |   597  | -3567.00 | 0.0046900 |   229  | Correct
 240 | 15442.29 | 2358.00 | 0.0056700 |   597  | -3567.00 | 0.0046900 |   382  | Correct
 240 | 15442.29 | 2358.00 | 0.0056700 |   597  | -6534.00 | 0.0007500 |   210  | Correct
 240 | 15442.29 | 2358.00 | 0.0056700 |   597  | -6534.00 | 0.0007500 |   406  | Correct
 240 | 15442.29 | 2358.00 | 0.0056700 |   597  | -6534.00 | 0.0041100 |   225  | Correct
 240 | 15442.29 | 2358.00 | 0.0056700 |   597  | -6534.00 | 0.0041100 |   398  | Correct
 240 | 15442.29 | 2358.00 | 0.0056700 |   588  | -3567.00 | 0.0006100 |   227  | Correct
 240 | 15442.29 | 2358.00 | 0.0056700 |   588  | -3567.00 | 0.0006100 |   408  | Correct
 240 | 15442.29 | 2358.00 | 0.0056700 |   588  | -3567.00 | 0.0049900 |   217  | Correct
 240 | 15442.29 | 2358.00 | 0.0056700 |   588  | -3567.00 | 0.0049900 |   378  | Correct
 240 | 15442.29 | 2358.00 | 0.0056700 |   588  | -6534.00 | 0.0002700 |   223  | Correct
 240 | 15442.29 | 2358.00 | 0.0056700 |   588  | -6534.00 | 0.0002700 |   375  | Correct
 240 | 15442.29 | 2358.00 | 0.0056700 |   588  | -6534.00 | 0.0047400 |   214  | Correct
 240 | 15442.29 | 2358.00 | 0.0056700 |   588  | -6534.00 | 0.0047400 |   402  | Correct
 345 |     0.00 | 1234.00 | 0.0026700 |   597  | -3567.00 | 0.0005000 |   215  | Correct
 345 |     0.00 | 1234.00 | 0.0026700 |   597  | -3567.00 | 0.0005000 |   376  | Correct
 345 |     0.00 | 1234.00 | 0.0026700 |   597  | -3567.00 | 0.0044500 |   215  | Correct
 345 |     0.00 | 1234.00 | 0.0026700 |   597  | -3567.00 | 0.0044500 |   408  | Correct
 345 |     0.00 | 1234.00 | 0.0026700 |   597  | -6534.00 | 0.0004400 |   207  | Correct
 345 |     0.00 | 1234.00 | 0.0026700 |   597  | -6534.00 | 0.0004400 |   396  | Correct
 345 |     0.00 | 1234.00 | 0.0026700 |   597  | -6534.00 | 0.0040300 |   207  | Correct
 345 |     0.00 | 1234.00 | 0.0026700 |   597  | -6534.00 | 0.0040300 |   394  | Correct
 345 |     0.00 | 1234.00 | 0.0026700 |   587  | -3567.00 | 0.0007000 |   217  | Correct
 345 |     0.00 | 1234.00 | 0.0026700 |   587  | -3567.00 | 0.0007000 |   377  | Correct
 345 |     0.00 | 1234.00 | 0.0026700 |   587  | -3567.00 | 0.0041900 |   226  | Correct
 345 |     0.00 | 1234.00 | 0.0026700 |   587  | -3567.00 | 0.0041900 |   372  | Correct
 345 |     0.00 | 1234.00 | 0.0026700 |   587  | -6534.00 | 0.0001200 |   230  | Correct
 345 |     0.00 | 1234.00 | 0.0026700 |   587  | -6534.00 | 0.0001200 |   379  | Correct
 345 |     0.00 | 1234.00 | 0.0026700 |   587  | -6534.00 | 0.0040600 |   220  | Correct
 345 |     0.00 | 1234.00 | 0.0026700 |   587  | -6534.00 | 0.0040600 |   404  | Correct
 345 |     0.00 | 1234.00 | 0.0056700 |   597  | -3567.00 | 0.0000500 |   209  | Correct
 345 |     0.00 | 1234.00 | 0.0056700 |   597  | -3567.00 | 0.0000500 |   400  | Correct
 345 |     0.00 | 1234.00 | 0.0056700 |   597  | -3567.00 | 0.0044900 |   204  | Correct
 345 |     0.00 | 1234.00 | 0.0056700 |   597  | -3567.00 | 0.0044900 |   389  | Correct
 345 |     0.00 | 1234.00 | 0.0056700 |   597  | -6534.00 | 0.0001100 |   233  | Correct
 345 |     0.00 | 1234.00 | 0.0056700 |   597  | -6534.00 | 0.0001100 |   406  | Correct
 345 |     0.00 | 1234.00 | 0.0056700 |   597  | -6534.00 | 0.0045500 |   225  | Correct
 345 |     0.00 | 1234.00 | 0.0056700 |   597  | -6534.00 | 0.0045500 |   391  | Correct
 345 |     0.00 | 1234.00 | 0.0056700 |   588  | -3567.00 | 0.0005300 |   216  | Correct
 345 |     0.00 | 1234.00 | 0.0056700 |   588  | -3567.00 | 0.0005300 |   407  | Correct
 345 |     0.00 | 1234.00 | 0.0056700 |   588  | -3567.00 | 0.0044400 |   208  | Correct
 345 |     0.00 | 1234.00 | 0.0056700 |   588  | -3567.00 | 0.0044400 |   404  | Correct
 345 |     0.00 | 1234.00 | 0.0056700 |   588  | -6534.00 | 0.0005700 |   219  | Correct
 345 |     0.00 | 1234.00 | 0.0056700 |   588  | -6534.00 | 0.0005700 |   386  | Correct
 345 |     0.00 | 1234.00 | 0.0056700 |   588  | -6534.00 | 0.0049400 |   222  | Correct
 345 |     0.00 | 1234.00 | 0.0056700 |   588  | -6534.00 | 0.0049400 |   390  | Correct
 345 |     0.00 | 3698.00 | 0.0026700 |   597  | -3567.00 | 0.0000400 |   222  | Correct
 345 |     0.00 | 3698.00 | 0.0026700 |   597  | -3567.00 | 0.0000400 |   390  | Correct
 345 |     0.00 | 3698.00 | 0.0026700 |   597  | -3567.00 | 0.0046600 |   224  | Correct
 345 |     0.00 | 3698.00 | 0.0026700 |   597  | -3567.00 | 0.0046600 |   385  | Correct
 345 |     0.00 | 3698.00 | 0.0026700 |   597  | -6534.00 | 0.0003400 |   204  | Correct
 345 |     0.00 | 3698.00 | 0.0026700 |   597  | -6534.00 | 0.0003400 |   406  | Correct
 345 |     0.00 | 3698.00 | 0.0026700 |   597  | -6534.00 | 0.0040000 |   218  | Correct
 345 |     0.00 | 3698.00 | 0.0026700 |   597  | -6534.00 | 0.0040000 |   372  | Correct
 345 |     0.00 | 3698.00 | 0.0026700 |   604  | -3567.00 | 0.0002200 |   218  | Correct
 345 |     0.00 | 3698.00 | 0.0026700 |   604  | -3567.00 | 0.0002200 |   377  | Correct
 345 |     0.00 | 3698.00 | 0.0026700 |   604  | -3567.00 | 0.0042100 |   215  | Correct
 345 |     0.00 | 3698.00 | 0.0026700 |   604  | -3567.00 | 0.0042100 |   382  | Correct
 345 |     0.00 | 3698.00 | 0.0026700 |   604  | -6534.00 | 0.0008500 |   211  | Correct
 345 |     0.00 | 3698.00 | 0.0026700 |   604  | -6534.00 | 0.0008500 |   376  | Correct
 345 |     0.00 | 3698.00 | 0.0026700 |   604  | -6534.00 | 0.0040500 |   221  | Correct
 345 |     0.00 | 3698.00 | 0.0026700 |   604  | -6534.00 | 0.0040500 |   389  | Correct
 345 |     0.00 | 3698.00 | 0.0056700 |   597  | -3567.00 | 0.0005900 |   212  | Correct
 345 |     0.00 | 3698.00 | 0.0056700 |   597  | -3567.00 | 0.0005900 |   395  | Correct
 345 |     0.00 | 3698.00 | 0.0056700 |   597  | -3567.00 | 0.0041500 |   204  | Correct
 345 |     0.00 | 3698.00 | 0.0056700 |   597  | -3567.00 | 0.0041500 |   391  | Correct
 345 |     0.00 | 3698.00 | 0.0056700 |   597  | -6534.00 | 0.0009100 |   213  | Correct
 345 |     0.00 | 3698.00 | 0.0056700 |   597  | -6534.00 | 0.0009100 |   385  | Correct
 345 |     0.00 | 3698.00 | 0.0056700 |   597  | -6534.00 | 0.0042100 |   209  | Correct
 345 |     0.00 | 3698.00 | 0.0056700 |   597  | -6534.00 | 0.0042100 |   373  | Correct
 345 |     0.00 | 3698.00 | 0.0056700 |   611  | -3567.00 | 0.0005700 |   218  | Correct
 345 |     0.00 | 3698.00 | 0.0056700 |   611  | -3567.00 | 0.0005700 |   375  | Correct
 345 |     0.00 | 3698.00 | 0.0056700 |   611  | -3567.00 | 0.0046500 |   229  | Correct
 345 |     0.00 | 3698.00 | 0.0056700 |   611  | -3567.00 | 0.0046500 |   378  | Correct
 345 |     0.00 | 3698.00 | 0.0056700 |   611  | -6534.00 | 0.0001300 |   231  | Correct
 345 |     0.00 | 3698.00 | 0.0056700 |   611  | -6534.00 | 0.0001300 |   388  | Correct
 345 |     0.00 | 3698.00 | 0.0056700 |   611  | -6534.00 | 0.0044700 |   208  | Correct
 345 |     0.00 | 3698.00 | 0.0056700 |   611  | -6534.00 | 0.0044700 |   376  | Correct
 345 |  7133.17 | 1234.00 | 0.0026700 |   597  | -3567.00 | 0.0001800 |   222  | Correct
 345 |  7133.17 | 1234.00 | 0.0026700 |   597  | -3567.00 | 0.0001800 |   374  | Correct
 345 |  7133.17 | 1234.00 | 0.0026700 |   597  | -3567.00 | 0.0041500 |   206  | Correct
 345 |  7133.17 | 1234.00 | 0.0026700 |   597  | -3567.00 | 0.0041500 |   383  | Correct
 345 |  7133.17 | 1234.00 | 0.0026700 |   597  | -6534.00 | 0.0008400 |   207  | Correct
 345 |  7133.17 | 1234.00 | 0.0026700 |   597  | -6534.00 | 0.0008400 |   385  | Correct
 345 |  7133.17 | 1234.00 | 0.0026700 |   597  | -6534.00 | 0.0040200 |   214  | Correct
 345 |  7133.17 | 1234.00 | 0.0026700 |   597  | -6534.00 | 0.0040200 |   409  | Correct
 345 |  7133.17 | 1234.00 | 0.0026700 |   598  | -3567.00 | 0.0003700 |   210  | Correct
 345 |  7133.17 | 1234.00 | 0.0026700 |   598  | -3567.00 | 0.0003700 |   384  | Correct
 345 |  7133.17 | 1234.00 | 0.0026700 |   598  | -3567.00 | 0.0048600 |   219  | Correct
 345 |  7133.17 | 1234.00 | 0.0026700 |   598  | -3567.00 | 0.0048600 |   379  | Correct
 345 |  7133.17 | 1234.00 | 0.0026700 |   598  | -6534.00 | 0.0009300 |   204  | Correct
 345 |  7133.17 | 1234.00 | 0.0026700 |   598  | -6534.00 | 0.0009300 |   388  | Correct
 345 |  7133.17 | 1234.00 | 0.0026700 |   598  | -6534.00 | 0.0041200 |   216  | Correct
 345 |  7133.17 | 1234.00 | 0.0026700 |   598  | -6534.00 | 0.0041200 |   372  | Correct
 345 |  7133.17 | 1234.00 | 0.0056700 |   597  | -3567.00 | 0.0009700 |   206  | Correct
 345 |  7133.17 | 1234.00 | 0.0056700 |   597  | -3567.00 | 0.0009700 |   398  | Correct
 345 |  7133.17 | 1234.00 | 0.0056700 |   597  | -3567.00 | 0.0045700 |   220  | Correct
 345 |  7133.17 | 1234.00 | 0.0056700 |   597  | -3567.00 | 0.0045700 |   383  | Correct
 345 |  7133.17 | 1234.00 | 0.0056700 |   597  | -6534.00 | 0.0007600 |   224  | Correct
 345 |  7133.17 | 1234.00 | 0.0056700 |   597  | -6534.00 | 0.0007600 |   403  | Correct
 345 |  7133.17 | 1234.00 | 0.0056700 |   597  | -6534.00 | 0.0042100 |   219  | Correct
 345 |  7133.17 | 1234.00 | 0.0056700 |   597  | -6534.00 | 0.0042100 |   385  | Correct
 345 |  7133.17 | 1234.00 | 0.0056700 |   603  | -3567.00 | 0.0009500 |   215  | Correct
 345 |  7133.17 | 1234.00 | 0.0056700 |   603  | -3567.00 | 0.0009500 |   382  | Correct
 345 |  7133.17 | 1234.00 | 0.0056700 |   603  | -3567.00 | 0.0041000 |   217  | Correct
 345 |  7133.17 | 1234.00 | 0.0056700 |   603  | -3567.00 | 0.0041000 |   379  | Correct
 345 |  7133.17 | 1234.00 | 0.0056700 |   603  | -6534.00 | 0.0009200 |   228  | Correct
 345 |  7133.17 | 1234.00 | 0.0056700 |   603  | -6534.00 | 0.0009200 |   385  | Correct
 345 |  7133.17 | 1234.00 | 0.0056700 |   603  | -6534.00 | 0.0043300 |   204  | Correct
 345 |  7133.17 | 1234.00 | 0.0056700 |   603  | -6534.00 | 0.0043300 |   387  | Correct
 345 |  7133.17 | 3050.00 | 0.0026700 |   597  | -3567.00 | 0.0007900 |   210  | Correct
 345 |  7133.17 | 3050.00 | 0.0026700 |   597  | -3567.00 | 0.0007900 |   381  | Correct
 345 |  7133.17 | 3050.00 | 0.0026700 |   597  | -3567.00 | 0.0049600 |   214  | Correct
 345 |  7133.17 | 3050.00 | 0.0026700 |   597  | -3567.00 | 0.0049600 |   397  | Correct
 345 |  7133.17 | 3050.00 | 0.0026700 |   597  | -6534.00 | 0.0007100 |   224  | Correct
 345 |  7133.17 | 3050.00 | 0.0026700 |   597  | -6534.00 | 0.0007100 |   381  | Correct
 345 |  7133.17 | 3050.00 | 0.0026700 |   597  | -6534.00 | 0.0044300 |   204  | Correct
 345 |  7133.17 | 3050.00 | 0.0026700 |   597  | -6534.00 | 0.0044300 |   395  | Correct
 345 |  7133.17 | 3050.00 | 0.0026700 |   587  | -3567.00 | 0.0002200 |   224  | Correct
 345 |  7133.17 | 3050.00 | 0.0026700 |   587  | -3567.00 | 0.0002200 |   400  | Correct
 345 |  7133.17 | 3050.00 | 0.0026700 |   587  | -3567.00 | 0.0044300 |   217  | Correct
 345 |  7133.17 | 3050.00 | 0.0026700 |   587  | -3567.00 | 0.0044300 |   380  | Correct
 345 |  7133.17 | 3050.00 | 0.0026700 |   587  | -6534.00 | 0.0002900 |   218  | Correct
 345 |  7133.17 | 3050.00 | 0.0026700 |   587  | -6534.00 | 0.0002900 |   387  | Correct
 345 |  7133.17 | 3050.00 | 0.0026700 |   587  | -6534.00 | 0.0048800 |   226  | Correct
 345 |  7133.17 | 3050.00 | 0.0026700 |   587  | -6534.00 | 0.0048800 |   371  | Correct
 345 |  7133.17 | 3050.00 | 0.0056700 |   597  | -3567.00 | 0.0009700 |   233  | Correct
 345 |  7133.17 | 3050.00 | 0.0056700 |   597  | -3567.00 | 0.0009700 |   384  | Correct
 345 |  7133.17 | 3050.00 | 0.0056700 |   597  | -3567.00 | 0.0047000 |   227  | Correct
 345 |  7133.17 | 3050.00 | 0.0056700 |   597  | -3567.00 | 0.0047000 |   376  | Correct
 345 |  7133.17 | 3050.00 | 0.0056700 |   597  | -6534.00 | 0.0005000 |   232  | Correct
 345 |  7133.17 | 3050.00 | 0.0056700 |   597  | -6534.00 | 0.0005000 |   396  | Correct
 345 |  7133.17 | 3050.00 | 0.0056700 |   597  | -6534.00 | 0.0046500 |   207  | Correct
 345 |  7133.17 | 3050.00 | 0.0056700 |   597  | -6534.00 | 0.0046500 |   392  | Correct
 345 |  7133.17 | 3050.00 | 0.0056700 |   599  | -3567.00 | 0.0005700 |   210  | Correct
 345 |  7133.17 | 3050.00 | 0.0056700 |   599  | -3567.00 | 0.0005700 |   380  | Correct
 345 |  7133.17 | 3050.00 | 0.0056700 |   599  | -3567.00 | 0.0042300 |   209  | Correct
 345 |  7133.17 | 3050.00 | 0.0056700 |   599  | -3567.00 | 0.0042300 |   403  | Correct
 345 |  7133.17 | 3050.00 | 0.0056700 |   599  | -6534.00 | 0.0002300 |   207  | Correct
 345 |  7133.17 | 3050.00 | 0.0056700 |   599  | -6534.00 | 0.0002300 |   376  | Correct
 345 |  7133.17 | 3050.00 | 0.0056700 |   599  | -6534.00 | 0.0044200 |   220  | Correct
 345 |  7133.17 | 3050.00 | 0.0056700 |   599  | -6534.00 | 0.0044200 |   393  | Correct

Overall Grade: A
